333904877301514240
334266637780439040
334560762462392320
334563908080291840
334516722314956802
334560762423070724
334563908116992004
334565481007206404
334573345848872964
334574918849187844
334574918450728964
334574918794137604
334574919761448964
334574919910871044
334574919918735364
334574919887278084
334574919900385284
334574919850577924
334574919868928004
334574919821742084
334574919829606404
334574919950192644
334574919968542724
334574919929221124
334576491395993604
334576491406479364
334576491375022084
334576491385507844
334576491338321924
334576491356672004
334576491309486084
334576491319971844
334576491251814404
334576491212492804
334576491511336964
334576491154821124
334576491474636804
334576491492986884
334576491435315204
334576491453665284
334576491416965124
334578064160378884
334578064178728964
334578064123678724
334578064142028804
334578064270479364
334578064259993604
334578064202321924
334578063997849604
334578064189214724
334578063948042244
334578063969013764
334578063919206404
334578063937556484
334578063890370564
334578063908720644
334578063851048964
334578063872020484
334578064084357124
334578064055521284
334578064073871364
334578063832698884
334578064016199684
334578064034549764
334578063793377284
334578063814348804
334578063764541444
334578063775027204
334578063725219844
334578063743569924
334579637047971844
334579637066321924
334579637008650244
334579637027000324
334579637155450884
334579637144965124
334579637087293444
334579636882821124
334579637076807684
334579636835635204
334579636853985284
334579636804177924
334579636822528004
334579636775342084
334579636793692164
334579636736020484
334579636754370564
334579636969328644
334579636940492804
334579636958842884
334579636715048964
334579636901171204
334579636922142724
334579636678348804
334579636696698884
334579636657377284
334560763033866246
334560762695700486
334560763052216326
334560763012894726
334560762811043846
334560762491228166
334560762771722246
334560762792693766
334560763149209606
334560763109888006
334560762520064006
334560762753372166
334560763130859526
334560762714050566
334560763073187846
334560762735022086
334560763091537926
334560762829393926
334560762850365446
334560762638028806
334560762559385606
334560762617057286
334560762986680326
334560762538414086
334560762677350406
334560762598707206
334560762656378886
334560762947358726
334560762965708806
334560762908037126
334560762577735686
334560762926387206
334560762868715526
334560762889687046
334560764368179206
334560764347207686
334560764884602886
334560764845281286
334560764787609606
334560764808581126
334560764732559366
334560764750909446
334560764693237766
334560764653916166
334560764672266246
334560764617216006
334560764577894406
334560764596244486
334560764520222726
334560764538572806
334560764483522566
334560764501872646
334560764444200966
334560764404879366
334560764425850886
334562335360471046
334562335682908166
334562335397171206
334562335701258246
334562335646208006
334562335664558086
334562335606886406
334562335378821126
334562335627857926
334562335567564806
334562335588536326
334562335530864646
334562335950295046
334562335549214726
334562335968645126
334562335910973446
334562335931944966
334562335509893126
334562335473192966
334562335491543046
334562335454842886
334562335855923206
334562335339499526
334562335874273286
334562335433871366
334562335834951686
334562335777280006
334562335321149446
334562335798251526
334562335740579846
334562335415521286
334562335758929926
334562335722229766
334562336558469126
334562336576819206
334562336519147526
334562336537497606
334562336479825926
334562336655462406
334562336616140806
334562336634490886
334562336597790726
334563908481372166
334563908499722246
334563908442050566
334563908193013766
334563908463022086
334563908423700486
334563908366028806
334563908384378886
334563908329328646
334563908347678726
334563908518072326
334563908174663686
334563908310978566
334563908156313606
334563908271656966
334563908290007046
334563908232335366
334563908253306886
334563908612444166
334563908213985286
334563908575744006
334563908594094086
334563908536422406
334563908557393926
334565481140899846
334565481465958406
334565481486929926
334565481638973446
334565481657323526
334565481599651846
334565481620623366
334565481562951686
334565481581301766
334565481523630086
334565481541980166
334565481274593286
334565481292943366
334565481505280006
334565481025556486
334565481237893126
334565481256243206
334565481198571526
334565481216921606
334565481161871366
334565480986234886
334565481180221446
334565481675673606
334565481429258246
334565481447608326
334565481389936646
334565481408286726
334565481350615046
334565481371586566
334565481104199686
334565481313914886
334565481332264966
334565481064878086
334565480965263366
334565481085849606
334565481046528006
334565482372976646
334565482333655046
334565482352005126
334565482291712006
334565482312683526
334565482252390406
334565482273361926
334565482213068806
334565482234040326
334567053813534726
334567054023249926
334567053983928326
334567054403358726
334567054004899846
334567053947228166
334567054364037126
334567053965578246
334567054385008646
334567053907906566
334567054327336966
334567053926256646
334567054345687046
334567053871206406
334567054290636806
334567053889556486
334567054308986886
334567054251315206
334567053852856326
334567054232965126
334567053831884806
334567054193643526
334567054211993606
334567054154321926
334567054172672006
334567054115000326
334567054135971846
334567054078300166
334567054096650246
334567054041600006
334567054059950086
334567054482001926
334567054424330246
334567054442680326
334568627102208006
334568627065507846
334568627083857926
334568627026186246
334568627044536326
334568626989486086
334568626777149446
334568627007836166
334568626950164486
334568626968514566
334568626931814406
334568626748313606
334568626892492806
334568626913464326
334568626855792646
334568626874142726
334568626816471046
334568626837442566
334568626795499526
334570199785328646
334570200144465926
334570200126115846
334570200202137606
334570200220487686
334570199955722246
334570200165437446
334570200183787526
334570199916400646
334570199934750726
334570199879700486
334570199898050566
334570199843000326
334570199861350406
334570199803678726
334570199822028806
334570200089415686
334570200031744006
334570200050094086
334570199992422406
334570200013393926
334570199746007046
334570199766978566
334570199974072326
334570199709306886
334570199727656966
334570199669985286
334570199688335366
334570199633285126
334570199651635206
334570199591342086
334570199612313606
334571772769914886
334571773134295046
334571773094973446
334571773113323526
334571773267988486
334571773286338566
334571773228666886
334571773249638406
334571773191966726
334571773210316806
334571772942929926
334571773152645126
334571773170995206
334571772903608326
334571772921958406
334571772864286726
334571772885258246
334571772827586566
334571772845936646
334571772788264966
334571772806615046
334571773304688646
334571773055651846
334571773076623366
334571773018951686
334571773037301766
334571772979630086
334571773000601606
334571772733214726
334571772751564806
334571772961280006
334571772693893126
334571772712243206
334571772654571526
334571772675543046
334571772617871366
334571772636221446
334571772578549766
334571772596899846
334571774762209286
334571774570844166
334571774722887686
334571774743859206
334571774683566086
334571774704537606
334571774646865926
334571774665216006
334571774607544326
334571774589194246
334573345222348806
334573345529057286
334573345280020486
334573345699450886
334573345298370566
334573345717800966
334573345240698886
334573345660129286
334573345261670406
334573345678479366
334573345623429126
334573345641779206
334573345584107526
334573345605079046
334573345547407366
334573345565757446
334573345924894726
334573345319342086
334573345337692166
334573345201377286
334573345489735686
334573345906544646
334573345510707206
334573345453035526
334573345867223046
334573345471385606
334573345888194566
334573345416335366
334573345830522886
334573345434685446
334573345377013766
334573345793822726
334573345395363846
334573345812172806
334573345754501126
334573345356042246
334573345772851206
334573345736151046
334574918296064006
334574918314414086
334574918256742406
334574918678794246
334574918275092486
334574918697144326
334574918217420806
334574918639472646
334574918235770886
334574918657822726
334574918178099206
334574918602772486
334574918199070726
334574918138777606
334574918563450886
334574918157127686
334574918584422406
334574918526750726
334574918545100806
334574918508400646
334574918469079046
334574918490050566
334574918432378886
334574918393057286
334574918812487686
334574918112563206
334574918411407366
334574918830837766
334574918353735686
334574918773166086
334574918374707206
334574918733844486
334574918332764166
334574918754816006
334574918715494406
334574919740477446
334574919782420486
334574919800770566
334576491039477766
334576491057827846
334576491000156166
334576491018506246
334576490960834566
334576490921512966
334576490939863046
334576490900541446
334576491270164486
334576491288514566
334576491233464326
334576491173171206
334576491194142726
334576491133849606
334576491097149446
334576491115499526
334576491076177926
333595022251991048
334574918621122568
334576490979184648
334578064288829448
334578064239022088
334578064220672008
334578063976878088
334578064336015368
334578064299315208
334578064317665288
334578064102707208
334578064346501128
334579637394001928
334579637176422408
334579637126615048
334579637108264968
334579636864471048
334579637226229768
334579637186908168
334579637207879688
334579637354680328
334579636987678728
334579637373030408
334579637315358728
334579637333708808
334579637276037128
334579637294387208
334579637236715528
334579637255065608
334579637965475848
334579638125383688
334579638086062088
334579638104412168
334579638046740488
334579638067712008
334579638007418888
334579638025768968
334579637986447368
334581209767792648
334581209788764168
334581209943429128
334581209961779208
334581209904107528
334581209925079048
334581209864785928
334581209885757448
334581209828085768
334581209846435848
334581209807114248
334581209980129288
334581209731092488
334581209749442568
334581209691770888
334581209710120968
334581209652449288
334581210069258248
334581209670799368
334581210029936648
334581209631477768
334581210048286728
334581210001100808
334581210019450888
334582782553149448
334582782571499528
334582782726164488
334582783129866248
334582782747136008
334582782689464328
334582783093166088
334582782707814408
334582783111516168
334582782650142728
334582783053844488
334582782671114248
334582783072194568
334582782610821128
334582783017144328
334582782631792648
334582783035494408
334582782977822728
334582782592471048
334582782996172808
334582782967336968
334582782765486088
334582782513827848
334582782928015368
334582782534799368
334582782948986888
334582782474506248
334582782891315208
334582782492856328
334582782909665288
334582782435184648
334582782851993608
334582782453534728
334582782872965128
334582782815293448
334582782414213128
334582782833643528
334582782783836168
334582782804807688
334582783150837768
334582784238735368
334582784257085448
334582784199413768
334582784220385288
334582784162713608
334582784181063688
334582784144363528
334584355666186248
334584355275591688
334584355626864648
334584355645214728
334584355590164488
334584356006973448
334584355608514568
334584355550842888
334584355967651848
334584355571814408
334584355986001928
334584355514142728
334584355928330248
334584355532492808
334584355946680328
334584355889008648
334584355503656968
334584355907358728
334584355878522888
334584355296563208
334584355464335368
334584355482685448
334584355425013768
334584355841822728
334584355443363848
334584355860172808
334584355385692168
334584355802501128
334584355404042248
334584355820851208
334584355346370568
334584355763179528
334584355367342088
334584355781529608
334584355317534728
334584355723857928
334584355335884808
334584355742208008
334584355684536328
334584355702886408
334584357315072008
334584357490708488
334584357296721928
334584357451386888
334584357469736968
334584357414686728
334584357433036808
334584357375365128
334584357393715208
334584357336043528
334584357354393608
334585928477757448
334585928438435848
334585928857866248
334585928459407368
334585928399114248
334585928818544648
334585928420085768
334585928836894728
334585928362414088
334585928779223048
334585928380764168
334585928800194568
334585928323092488
334585928739901448
334585928344064008
334585928760872968
334585928700579848
334585928315228168
334585928718929928
334585928690094088
334585928275906568
334585928294256648
334585928236584968
334585928650772488
334585928257556488
334585928669122568
334585928611450888
334585928218234888
334585928629800968
334585928572129288
334585928593100808
334585928535429128
334585928954859528
334585928553779208
334585928496107528
334585928915537928
334585928517079048
334585928933888008
334585928876216328
334585928894566408
334585930354708488
334585930315386888
334585930336358408
334585930297036808
334587501263114248
334587501226414088
334587501656330248
334587501244764168
334587501187092488
334587501617008648
334587501205442568
334587501635358728
334587501147770888
334587501577687048
334587501168742408
334587501596037128
334587501108449288
334587501538365448
334587501129420808
334587501556715528
334587501499043848
334587501714001928
334587501097963528
334587501517393928
334587501674680328
334587501480693768
334587501695651848
334587501053399048
334587501076992008
334587501441372168
334587501459722248
334587501402050568
334587501420400648
334587501362728968
334587501381079048
334587501323407368
334587501341757448
334587501284085768
334587501302435848
334589074499358728
334589074517708808
334589074095656968
334589074056335368
334589074268672008
334589074077306888
334589074287022088
334589074019635208
334589074229350408
334589074037985288
334589074247700488
334589073980313608
334589074192650248
334589074614702088
334589073998663688
334589074211000328
334589074633052168
334589073940992008
334589074153328648
334589074575380488
334589073959342088
334589074171678728
334589074596352008
334589074114007048
334589074538680328
334589073920020488
334589074134978568
334589074557030408
334589074305372168
334589073899048968
334589074478387208
334589074441687048
334589074460037128
334589074402365448
334589074420715528
334589074363043848
334589074384015368
334589074326343688
334589074344693768
334589075956879368
334589075977850888
334590647318794248
334590647407923208
334590646917713928
334590646878392328
334590647090728968
334590646896742408
334590647109079048
334590646839070728
334590647051407368
334590646857420808
334590647069757448
334590646799749128
334590647012085768
334590647502295048
334590646818099208
334590647033057288
334590647523266568
334590646760427528
334590646975385608
334590647465594888
334590646778777608
334590646993735688
334590647483944968
334590646936064008
334590647426273288
334590646739456008
334590646954414088
334590647447244808
334590647127429128
334590646721105928
334590647297822728
334590647261122568
334590647279472648
334590647224422408
334590647242772488
334590647185100808
334590647203450888
334590647145779208
334590647166750728
334590648089497608
334590648107847688
334590648071147528
334590648031825928
334590648050176008
334590648207462408
334590648228433928
334590648170762248
334590648189112328
334590648128819208
334590648147169288
334592219983564808
334592220001914888
334592219752878088
334592219771228168
334592219713556488
334592220135608328
334592219734528008
334592220153958408
334592219674234888
334592220096286728
334592219695206408
334592220117258248
334592220059586568
334592219655884808
334592220077936648
334592220020264968
334592220041236488
334592220193280008
334592219792199688
334592220211630088
334592220172308488
334592219965214728
334592219925893128
334592219944243208
334592219886571528
334592220308623368
334592219904921608
334592220326973448
334592219847249928
334592220269301768
334592219868221448
334592220287651848
334592219810549768
334592220229980168
334592219828899848
334592220248330248
334593792818728968
334593792837079048
334593793198837768
334593793219809288
334593792588042248
334593792606392328
334593792548720648
334593792970772488
334593792567070728
334593792991744008
334593792512020488
334593792934072328
334593792530370568
334593792952422408
334593792894750728
334593792491048968
334593792915722248
334593792855429128
334593792876400648
334593793028444168
334593792627363848
334593793046794248
334593793010094088
334593792797757448
334593792758435848
334593793180487688
334593792779407368
334593792721735688
334593793143787528
334593792740085768
334593793162137608
334593792682414088
334593793104465928
334593792703385608
334593793122816008
334593792645713928
334593793067765768
334593792664064008
334593793086115848
334593794145177608
334593794166149128
334593794221199368
334593794242170888
334593794184499208
334593794202849288
334595365577871368
334595366010408968
334595365598842888
334595366028759048
334595365541171208
334595365973708808
334595365559521288
334595365992058888
334595365934387208
334595365952737288
334595365703700488
334595365722050568
334595365661757448
334595365685350408
334595365617192968
334595366049730568
334595365638164488
334595366068080648
334595365362913288
334595365800693768
334595365383884808
334595365819043848
334595365761372168
334595365339320328
334595365779722248
334595365743022088
334595365522821128
334595365483499528
334595365916037128
334595365501849608
334595365444177928
334595365876715528
334595365462528008
334595365897687048
334595365402234888
334595365837393928
334595365423206408
334595365858365448
334596938208563208
334596938648965128
334596938229534728
334596938667315208
334596938169241608
334596938607022088
334596938190213128
334596938627993608
334596938567700488
334596938586050568
334596938329149448
334596938347499528
334596938289827848
334596938727608328
334596938308177928
334596938745958408
334596938247884808
334596938688286728
334596938268856328
334596938709258248
334596938428764168
334596938863923208
334596938447114248
334596938882273288
334596938389442568
334596938824601608
334596938407792648
334596938842951688
334596938785280008
334596938368471048
334596938803630088
334596938766929928
334596938148270088
334596938546728968
334596938504785928
334596938525757448
334596938465464328
334596938900623368
334596938486435848
334596939584819208
334596939545497608
334596939563847688
334596939524526088
334596939503554568
334598511124992008
334598511549665288
334598511143342088
334598511568015368
334598511085670408
334598511510343688
334598511104020488
334598511528693768
334598511471022088
334598511489372168
334598511240335368
334598511258685448
334598511201013768
334598511625687048
334598511221985288
334598511644037128
334598511161692168
334598511586365448
334598511182663688
334598511607336968
334598511337328648
334598511764623368
334598511355678728
334598511782973448
334598511298007048
334598511722680328
334598511316357128
334598511743651848
334598511683358728
334598511279656968
334598511704330248
334598511665008648
334598511064698888
334598511450050568
334598511413350408
334598511431700488
334598511374028808
334598511801323528
334598511395000328
334598512461926408
334598512480276488
334598512422604808
334598512443576328
334598512383283208
334598512401633288
334598512343961608
334598512362311688
334598512322990088
334598512501248008
334598512302018568
334600084298321928
334600084730859528
334600084316672008
334600084259000328
334600084688916488
334600084277350408
334600084709888008
334600084219678728
334600084649594888
334600084238028808
334600084670566408
334600084610273288
334600084631244808
334600083986370568
334600084007342088
334600084376965128
334600084395315208
334600084337643528
334600084355993608
334600084083363848
334600084513280008
334600084104335368
334600084531630088
334600084044042248
334600084473958408
334600084065013768
334600084492308488
334600084434636808
334600084025692168
334600084452986888
334600084416286728
334600084201328648
334600084162007048
334600084591923208
334600084180357128
334600084122685448
334600084552601608
334600084143656968
334600084573573128
334600085834485768
334600085855457288
334601657256693768
334601657275043848
334601657217372168
334601657235722248
334601657178050568
334601657196400648
334601657138728968
334601657157079048
334601656900177928
334601656921149448
334601657296015368
334601657314365448
334601657039114248
334601657469030408
334601657057464328
334601656999792648
334601657432330248
334601657018142728
334601657450680328
334601656960471048
334601657393008648
334601656978821128
334601657411358728
334601657353687048
334601656942120968
334601657374658568
334601657335336968
334601657117757448
334601657078435848
334601657099407368
334603230065643528
334603230086615048
334603230028943368
334603230047293448
334603229989621768
334603230007971848
334603229950300168
334603229968650248
334603230437888008
334603230456238088
334603230398566408
334603230416916488
334603229714370568
334603230359244808
334603229735342088
334603230377594888
334603230104965128
334603230125936648
334603230338273288
334603229853306888
334603230280601608
334603229871656968
334603230298951688
334603229813985288
334603230241280008
334603229834956808
334603230262251528
334603229774663688
334603230204579848
334603229795635208
334603230222929928
334603230165258248
334603229756313608
334603230183608328
334603230144286728
334603229929328648
334603229892628488
334603230319923208
334603229910978568
334603231863951368
334603231824629768
334603231842979848
334603231960944648
334603231921623048
334603231942594568
334603231882301448
334603231903272968
334604802599342088
334604802620313608
334604803262566408
334604802562641928
334604802580992008
334604802541670408
334604803050229768
334604803010908168
334604803029258248
334604802971586568
334604802989936648
334604802932264968
334604802950615048
334604802892943368
334604802911293448
334604802638663688
334604803283537928
334604802659635208
334604802871971848
334604802814300168
334604802835271688
334604802774978568
334604802795950088
334604802738278408
334604802756628488
334604802696335368
334604802717306888
334604802677985288
334604803223244808
334604803244216328
334604803186544648
334604803204894728
334604803147223048
334604803165573128
334604803107901448
334604803126251528
334604802853621768
334604803068579848
334604803086929928
334604804838051848
334604804856401928
334604804817080328
334604804777758728
334604804796108808
334604804738437128
334604804759408648
334604804699115528
334604804720087048
334604804877373448
334604804680765448
334606376061030408
334606375846072328
334606375806750728
334606375825100808
334606375767429128
334606376197345288
334606375788400648
334606375728107528
334606376158023688
334606375749079048
334606376178995208
334606375691407368
334606376118702088
334606375709757448
334606376139673608
334606376079380488
334606375455477768
334606375670435848
334606376100352008
334606375612764168
334606375631114248
334606375576064008
334606375594414088
334606375536742408
334606375555092488
334606375497420808
334606375515770888
334606375476449288
334606376019087368
334606376040058888
334606375979765768
334606376000737288
334606375940444168
334606375961415688
334606375901122568
334606375922094088
334606375652085768
334606375864422408
334606375882772488
334606377644380168
334606377665351688
334606377626030088
334606377799045128
334606377605058568
334606377759723528
334606377780695048
334606377723023368
334606377741373448
334606377683701768
334606377702051848
334607949381160968
334607949160960008
334607949121638408
334607949139988488
334607949082316808
334607949522718728
334607949100666888
334607949042995208
334607949480775688
334607949061345288
334607949501747208
334607949003673608
334607949441454088
334607949022023688
334607949459804168
334607949402132488
334607948767744008
334607948985323528
334607949423104008
334607948927651848
334607948946001928
334607948888330248
334607948906680328
334607948849008648
334607948867358728
334607948809687048
334607948828037128
334607948788715528
334607949341839368
334607949362810888
334607949302517768
334607949323489288
334607949263196168
334607949281546248
334607949221253128
334607949242224648
334607948964352008
334607949179310088
334607949200281608
334607950078464008
334607950099435528
334607950060113928
334607950235750408
334607950039142408
334607950196428808
334607950214778888
334607950157107208
334607950178078728
334607950117785608
334607950138757128
334609521576693768
334609521364357128
334609521325035528
334609521749708808
334609521346007048
334609521285713928
334609521713008648
334609521306685448
334609521731358728
334609521246392328
334609521673687048
334609521267363848
334609521692037128
334609521207070728
334609521634365448
334609521225420808
334609521655336968
334609521597665288
334609521188720648
334609521616015368
334609521770680328
334609521149399048
334609521789030408
334609521539993608
334609521558343688
334609521500672008
334609521519022088
334609521461350408
334609521886023688
334609521479700488
334609521422028808
334609521849323528
334609521440378888
334609521867673608
334609521170370568
334609521382707208
334609521810001928
334609521403678728
334609521828352008
334609523136450568
334609523118100488
334609523078778888
334609523097128968
334609523060428808
334611094490501128
334611094081556488
334611094508851208
334611094469529608
334611094257192968
334611094217871368
334611094645166088
334611094236221448
334611094178549768
334611094605844488
334611094196899848
334611094626816008
334611094139228168
334611094569144328
334611094160199688
334611094587494408
334611094099906568
334611094529822728
334611094120878088
334611094548172808
334611094275543048
334611094296514568
334611094663516168
334611094042234888
334611094063206408
334611094002913288
334611094432829448
334611094023884808
334611094451179528
334611094393507848
334611093981941768
334611094411857928
334611094354186248
334611094375157768
334611094314864648
334611094335836168
334612667008471048
334612667441008648
334612667029442568
334612667459358728
334612667401687048
334612666987499528
334612667420037128
334612667383336968
334612667165757448
334612667126435848
334612667147407368
334612667087114248
334612667108085768
334612667047792648
334612667068764168
334612667226050568
334612667244400648
334612667184107528
334612667205079048
334612666948177928
334612666969149448
334612666908856328
334612667344015368
334612666927206408
334612667362365448
334612666869534728
334612667304693768
334612666887884808
334612667323043848
334612667265372168
334612666848563208
334612667283722248
334614239948492808
334614240370544648
334614239969464328
334614240391516168
334614240333844488
334614239930142728
334614240352194568
334614240312872968
334614240100536328
334614240063836168
334614240488509448
334614240082186248
334614240027136008
334614240449187848
334614240045486088
334614240467537928
334614239987814408
334614240409866248
334614240006164488
334614240428216328
334614240158208008
334614240176558088
334614240121507848
334614240139857928
334614240506859528
334614240527831048
334614239890821128
334614239911792648
334614239854120968
334614240273551368
334614239872471048
334614240294522888
334614239814799368
334614240236851208
334614239835770888
334614240255201288
334614240197529608
334614239793827848
334614240215879688
334614241702236168
334614241723207688
334614241665536008
334614241683886088
334614241780879368
334614241799229448
334614241741557768
334614241759907848
334615812594913288
334615813027450888
334615812613263368
334615813045800968
334615812988129288
334615812573941768
334615813009100808
334615812969779208
334615812752199688
334615812712878088
334615813142794248
334615812733849608
334615812673556488
334615813103472648
334615812691906568
334615813124444168
334615812634234888
334615813064151048
334615812652584968
334615813085122568
334615812812492808
334615813245030408
334615812830842888
334615813263380488
334615812773171208
334615813203087368
334615812791521288
334615813224058888
334615813163765768
334615813182115848
334615812552970248
334615812930457608
334615812948807688
334615812891136008
334615812909486088
334615812851814408
334615813281730568
334615812870164488
334615813302702088
334615814977802248
334615814996152328
334615814938480648
334615814956830728
334615814899159048
334615814917509128
334615814878187528
334615814838865928
334615814859837448
334615815014502408
334615815035473928
334617385550663688
334617385988444168
334617385571635208
334617386006794248
334617385946501128
334617385529692168
334617385967472648
334617385928151048
334617385710571528
334617385668628488
334617386103787528
334617385689600008
334617385629306888
334617386067087368
334617385650278408
334617386085437448
334617385589985288
334617386027765768
334617385610956808
334617386046115848
334617385768243208
334617386203402248
334617385789214728
334617386224373768
334617385728921608
334617386164080648
334617385749893128
334617386185052168
334617386124759048
334617386145730568
334617385508720648
334617385888829448
334617385907179528
334617385849507848
334617385867857928
334617385807564808
334617386242723848
334617385828536328
334617386263695368
334617387815587848
334617387833937928
334617387776266248
334617387797237768
334617387739566088
334617387757916168
334617387718594568
334617387679272968
334617387700244488
334617387854909448
334617387873259528
334618958742343688
334618958325534728
334618958763315208
334618958703022088
334618958721372168
334618958682050568
334618959075266568
334618958464471048
334618958425149448
334618958860308488
334618958446120968
334618958385827848
334618958820986888
334618958406799368
334618958839336968
334618958346506248
334618958781665288
334618958367477768
334618958800015368
334618958522142728
334618958957301768
334618958543114248
334618958978273288
334618958485442568
334618958917980168
334618958503792648
334618958938951688
334618958878658568
334618958899630088
334618958642728968
334618958663700488
334618958603407368
334618959035944968
334618958621757448
334618959054295048
334618958564085768
334618958996623368
334618958585057288
334618959017594888
334618959686062088
334618959704412168
334618959646740488
334618959665090568
334618959604797448
334618959625768968
334618959725383688
334618959743733768
334620531438571528
334620531871109128
334620531459543048
334620531892080648
334620531399249928
334620531831787528
334620531420221448
334620531852759048
334620531792465928
334620531380899848
334620531813437448
334620531774115848
334620531559157768
334620531517214728
334620531949752328
334620531538186248
334620531477893128
334620531910430728
334620531498864648
334620531931402248
334620531223613448
334620531656151048
334620531241963528
334620531677122568
334620531616829448
334620531202641928
334620531635179528
334620531577507848
334620531598479368
334620531338956808
334620531359928328
334620531302256648
334620531734794248
334620531320606728
334620531753144328
334620531262935048
334620531695472648
334620531281285128
334620531716444168
334620532542197768
334620532563169288
334620532502876168
334620532521226248
334620532460933128
334620532481904648
334622104499179528
334622104520151048
334622104462479368
334622104480829448
334622104423157768
334622104441507848
334622104404807688
334622104189849608
334622104150528008
334622104575201288
334622104787537928
334622104171499528
334622104108584968
334622104538501128
334622104132177928
334622104556851208
334622104286842888
334622104711516168
334622104305192968
334622104729866248
334622104247521288
334622104672194568
334622104268492808
334622104690544648
334622104208199688
334622104635494408
334622104229171208
334622104653844488
334622104596172808
334622104617144328
334622104365486088
334622104383836168
334622104326164488
334622104748216328
334622104344514568
334622104766566408
334623678673899528
334623678700113928
334623678616227848
334623678647685128
334623678561177608
334623678592634888
334623678537584648
334623678254469128
334623679093329928
334623679116922888
334623678202040328
334623678781378568
334623679040901128
334623678225633288
334623679064494088
334623678078832648
334623678726328328
334623678178447368
334623678747299848
334623678385541128
334623678943907848
334623678409134088
334623678970122248
334623678333112328
334623678896721928
334623678359326728
334623678920314888
334623678280683528
334623678849536008
334623678306897928
334623678870507528
334623678802350088
334623678825943048
334623678487777288
334623678511370248
334623678435348488
334623678993715208
334623678461562888
334623679017308168
334623679989862408
334623680013455368
334623679942676488
334623679966269448
334623679892869128
334623679916462088
334625249899499528
334625249923092488
334625249854935048
334625249878528008
334625249807749128
334625249831342088
334625249784156168
334625250413301768
334625250434273288
334625250371358728
334625250392330248
334625250326794248
334625250347765768
334625250279608328
334625250300579848
334625249993871368
334625250235043848
334625250258636808
334625249946685448
334625249970278408
334625250151157768
334625250172129288
334625250106593288
334625250130186248
334625250062028808
334625250085621768
334625250017464328
334625250041057288
334625250623016968
334625250643988488
334625250578452488
334625250599424008
334625250531266568
334625250552238088
334625250484080648
334625250507673608
334625250193100808
334625250214072328
334625250460487688
334625251204976648
334625251414691848
334625251364884488
334625251388477448
334625251322941448
334625251343912968
334625251273134088
334625251299348488
334625251228569608
334625251249541128
334626823177687048
334626823196037128
334626823135744008
334626823156715528
334626823093800968
334626823552552968
334626823114772488
334626823573524488
334626823051857928
334626823510609928
334626823072829448
334626823531581448
334626822768742408
334626823009914888
334626823468666888
334626823030886408
334626823489638408
334626823426723848
334626823447695368
334626822923407368
334626822947000328
334626822881464328
334626822902435848
334626822839521288
334626822860492808
334626822792335368
334626822815928328
334626823405752328
334626823363809288
334626823384780808
334626823321866248
334626823345459208
334626823282544648
334626823300894728
334626823237980168
334626823261573128
334626822967971848
334626822988943368
334626823217008648
334626824155484168
334626824113541128
334626824134512648
334626824176455688
334626824200048648
334628395829350408
334628395850321928
334628395784785928
334628395808378888
334628395745464328
334628396309073928
334628395766435848
334628396330045448
334628395700899848
334628396267130888
334628395724492808
334628396288102408
334628395417784328
334628395656335368
334628396219944968
334628395679928328
334628396243537928
334628396180623368
334628396198973448
334628395569827848
334628395590799368
334628395525263368
334628395548856328
334628395483320328
334628395504291848
334628395441377288
334628395462348808
334628396159651848
334628396117708808
334628396138680328
334628396075765768
334628396096737288
334628396031201288
334628396052172808
334628395989258248
334628396010229768
334628395614392328
334628395635363848
334628395963043848
334628396906762248
334628396859576328
334628396883169288
334628397053562888
334628397077155848
334628397011619848
334628397032591368
334628396969676808
334628396990648328
334628396927733768
334628396948705288
334629968672378888
334629968693350408
334629968633057288
334629968651407368
334629968588492808
334629969047244808
334629968612085768
334629969068216328
334629968546549768
334629969005301768
334629968567521288
334629969026273288
334629968273920008
334629968504606728
334629968960737288
334629968525578248
334629968981708808
334629968918794248
334629968939765768
334629968420720648
334629968441692168
334629968378777608
334629968399749128
334629968339456008
334629968360427528
334629968297512968
334629968318484488
334629968897822728
334629968855879688
334629968876851208
334629968816558088
334629968837529608
334629968777236488
334629968798208008
334629968735293448
334629968756264968
334629968462663688
334629968483635208
334629968714321928
334629969626583048
334629969584640008
334629969602990088
334629969786490888
334629969810083848
334629969744547848
334629969765519368
334629969697361928
334629969720954888
334629969650176008
334629969673768968
334631541407928328
334631541428899848
334631541365985288
334631541835223048
334631541389578248
334631541856194568
334631541324042248
334631541793280008
334631541345013768
334631541814251528
334631541282099208
334631541748715528
334631541303070728
334631541772308488
334631541242777608
334631541704151048
334631541263749128
334631541725122568
334631541662208008
334631541683179528
334631541156270088
334631541179863048
334631541877166088
334631541638615048
334631541596672008
334631541617643528
334631541554728968
334631541575700488
334631541512785928
334631541533757448
334631541470842888
334631541942702088
334631541491814408
334631541966295048
334631541200834568
334631541900759048
334631541221806088
334631541449871368
334631541921730568
334631542516797448
334631542540390408
334631542477475848
334631542495825928
334633114363678728
334633114387271688
334633114319114248
334633114798837768
334633114342707208
334633114819809288
334633114274549768
334633114754273288
334633114298142728
334633114777866248
334633114224742408
334633114712330248
334633114248335368
334633114733301768
334633114177556488
334633114670387208
334633114201149448
334633114691358728
334633114628444168
334633114649415688
334633114085806088
334633114109399048
334633114840780808
334633114602229768
334633114555043848
334633114578636808
334633114513100808
334633114534072328
334633114471157768
334633114492129288
334633114429214728
334633114908938248
334633114450186248
334633114929909768
334633114130370568
334633114864373768
334633114153963528
334633114408243208
334633114887966728
334633115566919688
334633115587891208
334633115545948168
334633115504005128
334633115524976648
334633115462062088
334633115483033608
334633115653427208
334633115674398728
334633115608862728
334633115632455688
334634686986506248
334634687007477768
334634686939320328
334634687403315208
334634686962913288
334634687424286728
334634686897377288
334634687358750728
334634686918348808
334634687382343688
334634686855434248
334634687319429128
334634686876405768
334634687337779208
334634687277486088
334634686831841288
334634687298457608
334634687235543048
334634687256514568
334634687445258248
334634687214571528
334634687172628488
334634687634001928
334634687193600008
334634687133306888
334634687594680328
334634687151656968
334634687615651848
334634687091363848
334634687552737288
334634687112335368
334634687573708808
334634687049420808
334634687510794248
334634687070392328
334634687531765768
334634687466229768
334634687028449288
334634687489822728
334634688158289928
334634688179261448
334634688289361928
334634688307712008
334634688244797448
334634688268390408
334634688200232968
334634688221204488